50 0 44
0 1 66
0 2 87
0 4 15
0 6 12
0 7 85
0 9 84
0 10 56
0 12 93
0 13 80
0 16 61
0 17 11
0 18 3
0 20 16
0 21 75
0 22 41
0 23 91
0 25 91
0 29 91
0 30 59
0 32 70
0 33 45
0 34 74
0 36 3
0 37 71
0 38 63
0 39 42
0 40 74
0 42 39
0 43 23
0 44 5
0 45 29
0 46 95
1 2 31
1 4 92
1 7 1
1 8 86
1 9 44
1 10 60
1 11 5
1 12 31
1 13 28
1 15 73
1 16 35
1 17 84
1 18 90
1 20 29
1 22 12
1 23 78
1 24 56
1 26 98
1 27 12
1 29 92
1 30 46
1 31 46
1 32 83
1 33 96
1 34 97
1 35 11
1 37 34
1 38 25
1 41 56
1 42 75
1 43 69
1 44 74
1 45 44
1 46 29
1 47 65
1 48 79
1 49 64
2 3 16
2 6 60
2 8 80
2 9 53
2 10 33
2 11 18
2 12 11
2 13 17
2 14 64
2 16 75
2 17 7
2 19 52
2 24 91
2 25 32
2 26 6
2 27 82
2 28 39
2 29 84
2 34 32
2 36 69
2 37 7
2 38 70
2 39 10
2 41 35
2 42 92
2 43 48
2 48 66
2 49 90
3 11 38
3 13 88
3 14 50
3 16 68
3 21 48
3 22 11
3 24 75
3 25 79
3 26 27
3 27 42
3 29 77
3 30 100
3 32 98
3 33 66
3 34 20
3 35 48
3 36 70
3 37 47
3 39 60
3 40 16
3 41 69
3 42 88
3 43 59
3 47 33
3 48 43
3 49 62
4 5 82
4 6 81
4 7 67
4 8 60
4 9 54
4 11 64
4 12 32
4 13 36
4 16 36
4 18 84
4 19 49
4 20 1
4 21 42
4 22 35
4 24 55
4 25 1
4 26 60
4 27 97
4 29 96
4 30 25
4 31 23
4 32 81
4 33 29
4 34 63
4 35 8
4 37 13
4 38 43
4 39 91
4 41 50
4 43 65
4 46 48
4 47 84
4 49 100
5 6 63
5 7 64
5 8 23
5 10 96
5 12 55
5 13 30
5 14 15
5 16 82
5 18 87
5 20 7
5 23 89
5 24 18
5 26 41
5 28 31
5 30 73
5 32 75
5 33 34
5 34 47
5 38 49
5 39 45
5 40 44
5 41 7
5 42 75
5 43 99
5 44 32
5 45 63
5 48 12
5 49 82
6 7 31
6 8 9
6 9 72
6 11 82
6 12 60
6 13 55
6 16 10
6 17 73
6 18 32
6 19 8
6 20 76
6 21 41
6 23 70
6 24 66
6 26 19
6 27 60
6 29 80
6 30 89
6 33 28
6 34 16
6 36 85
6 39 70
6 40 53
6 41 61
6 42 40
6 43 90
6 44 14
6 46 36
6 47 3
6 49 55
7 9 3
7 10 75
7 11 84
7 12 21
7 13 1
7 14 45
7 15 74
7 16 36
7 17 25
7 19 67
7 20 12
7 23 50
7 24 49
7 27 22
7 30 58
7 31 77
7 32 82
7 33 16
7 34 67
7 38 5
7 39 31
7 40 44
7 41 9
7 45 69
7 47 55
7 48 99
7 49 53
8 9 38
8 11 41
8 13 13
8 15 46
8 16 79
8 18 9
8 19 32
8 20 9
8 21 13
8 23 72
8 24 86
8 26 94
8 29 17
8 30 50
8 31 63
8 32 14
8 34 89
8 36 46
8 39 3
8 41 1
8 42 40
8 43 68
8 46 73
8 47 17
8 48 37
8 49 5
9 11 73
9 13 58
9 15 97
9 16 21
9 17 76
9 18 56
9 20 40
9 23 49
9 24 4
9 26 52
9 30 53
9 31 92
9 32 5
9 34 31
9 35 42
9 37 22
9 38 23
9 39 39
9 41 9
9 42 80
9 44 80
9 45 86
9 46 75
9 47 16
9 49 43
10 13 56
10 15 48
10 18 31
10 19 18
10 22 59
10 23 31
10 27 1
10 31 97
10 32 20
10 33 75
10 34 75
10 37 55
10 39 84
10 40 76
10 41 6
10 42 72
10 44 88
10 47 66
10 48 73
10 49 13
11 12 63
11 13 15
11 14 59
11 16 92
11 18 9
11 20 57
11 23 40
11 24 8
11 25 77
11 28 94
11 29 40
11 30 72
11 35 43
11 37 84
11 39 13
11 40 93
11 41 95
11 42 87
11 44 55
11 45 36
11 47 28
11 49 16
12 14 42
12 15 74
12 16 40
12 17 18
12 21 3
12 22 5
12 23 27
12 24 71
12 25 55
12 26 78
12 27 98
12 28 42
12 29 14
12 30 34
12 31 37
12 33 96
12 34 17
12 38 64
12 39 11
12 42 57
12 43 6
12 44 87
12 45 1
12 47 8
12 49 81
13 14 13
13 15 71
13 16 79
13 17 58
13 18 64
13 19 39
13 20 66
13 22 29
13 23 85
13 24 60
13 25 87
13 26 9
13 27 86
13 28 39
13 29 96
13 31 9
13 32 51
13 33 92
13 34 39
13 35 25
13 36 17
13 37 21
13 38 88
13 39 64
13 42 97
13 44 13
13 45 23
13 46 12
13 47 59
13 48 19
13 49 87
14 15 59
14 16 38
14 17 92
14 18 87
14 19 28
14 20 31
14 21 65
14 22 93
14 23 15
14 27 18
14 28 95
14 29 49
14 30 88
14 31 6
14 36 2
14 37 74
14 38 93
14 40 55
14 41 28
14 42 28
14 43 61
14 44 80
14 45 90
14 48 46
15 19 79
15 20 24
15 21 47
15 23 82
15 24 93
15 25 32
15 26 63
15 27 32
15 28 98
15 30 67
15 31 8
15 33 62
15 34 51
15 36 39
15 37 76
15 38 85
15 40 8
15 41 3
15 43 80
15 45 76
16 17 71
16 18 89
16 19 88
16 21 45
16 22 47
16 27 15
16 28 34
16 29 7
16 30 18
16 32 78
16 34 70
16 35 12
16 36 60
16 37 27
16 38 14
16 39 20
16 40 80
16 41 84
16 45 47
16 47 21
16 48 91
17 18 98
17 19 91
17 20 17
17 21 14
17 23 97
17 24 10
17 25 71
17 27 7
17 30 85
17 31 23
17 33 54
17 34 44
17 35 76
17 36 40
17 37 53
17 38 32
17 39 22
17 41 12
17 42 14
17 44 86
17 45 56
17 46 29
17 47 18
17 48 33
17 49 91
18 19 34
18 20 73
18 21 4
18 23 57
18 24 58
18 25 42
18 27 42
18 28 76
18 30 51
18 32 84
18 33 100
18 34 99
18 35 55
18 36 25
18 37 76
18 39 77
18 40 7
18 42 53
18 44 78
18 47 16
18 48 64
18 49 5
19 21 42
19 22 90
19 23 3
19 24 45
19 25 44
19 27 50
19 30 46
19 31 9
19 35 2
19 36 1
19 38 85
19 40 89
19 41 37
19 44 90
19 45 30
19 46 89
20 21 95
20 22 94
20 24 97
20 25 34
20 26 66
20 27 34
20 29 56
20 31 66
20 32 51
20 33 35
20 34 70
20 35 6
20 36 74
20 38 38
20 39 40
20 40 68
20 41 44
20 43 70
20 45 97
20 46 40
20 47 98
20 48 66
20 49 86
21 24 49
21 27 59
21 28 63
21 29 40
21 30 11
21 32 85
21 34 48
21 35 14
21 36 54
21 38 47
21 39 80
21 40 80
21 41 46
21 42 88
21 43 75
21 44 61
21 48 19
21 49 57
22 23 94
22 24 74
22 26 55
22 27 52
22 29 41
22 31 90
22 32 2
22 33 2
22 34 21
22 35 34
22 36 12
22 38 6
22 39 63
22 40 60
22 43 13
22 44 59
22 45 86
22 46 89
22 48 42
22 49 33
23 24 58
23 25 48
23 26 45
23 27 9
23 30 63
23 32 73
23 33 16
23 34 17
23 36 73
23 40 76
23 43 78
23 46 92
23 47 70
23 48 95
23 49 61
24 25 66
24 26 17
24 27 29
24 28 89
24 29 76
24 30 81
24 31 86
24 35 48
24 36 49
24 38 92
24 39 68
24 41 91
24 43 87
24 44 58
24 45 90
24 46 1
24 47 85
24 48 40
24 49 7
25 26 9
25 27 78
25 28 95
25 29 81
25 30 98
25 31 89
25 33 26
25 35 37
25 36 69
25 37 8
25 40 87
25 41 52
25 43 14
25 45 39
25 46 23
25 47 84
25 48 73
25 49 47
26 29 10
26 31 81
26 32 99
26 38 80
26 40 2
26 41 83
26 43 19
26 45 100
26 46 78
26 47 13
26 48 2
26 49 90
27 28 43
27 29 5
27 31 69
27 32 7
27 36 46
27 37 2
27 39 43
27 40 68
27 41 31
27 43 30
27 44 45
27 45 98
27 46 52
27 47 57
27 49 97
28 29 42
28 30 61
28 32 74
28 33 57
28 34 97
28 35 79
28 36 26
28 40 74
28 42 23
28 43 42
28 46 88
28 47 87
28 49 80
29 31 56
29 33 97
29 36 23
29 37 49
29 38 88
29 39 31
29 40 28
29 41 29
29 42 64
29 45 41
29 46 43
29 47 51
29 48 3
30 31 8
30 32 94
30 33 29
30 34 58
30 35 20
30 37 27
30 38 46
30 41 90
30 44 26
30 45 88
30 46 63
30 47 37
30 48 10
30 49 39
31 32 43
31 34 57
31 35 61
31 37 33
31 38 47
31 40 24
31 42 12
31 43 40
31 44 37
31 45 13
31 46 61
31 48 13
32 33 48
32 35 36
32 36 58
32 38 57
32 40 16
32 41 41
32 42 3
32 43 30
32 44 41
32 46 84
32 47 71
32 48 2
32 49 84
33 35 6
33 36 35
33 37 1
33 39 5
33 40 63
33 41 74
33 42 1
33 45 69
33 46 56
33 47 19
33 49 40
34 35 3
34 36 44
34 37 21
34 39 31
34 42 49
34 43 5
34 44 29
34 45 95
34 46 21
34 47 70
34 48 82
34 49 33
35 36 55
35 37 33
35 39 50
35 41 89
35 42 6
35 43 80
35 44 39
35 45 78
35 46 48
35 47 54
35 48 82
35 49 52
36 37 9
36 39 73
36 40 54
36 42 46
36 46 29
36 48 3
36 49 71
37 38 82
37 40 86
37 41 64
37 42 81
37 43 15
37 44 72
37 45 29
37 47 38
37 48 97
37 49 10
38 39 96
38 40 17
38 41 75
38 42 52
38 43 44
38 44 57
38 48 10
39 41 91
39 43 24
39 45 26
39 46 79
39 47 42
39 48 6
40 42 83
40 43 22
40 44 56
40 47 59
40 48 64
40 49 89
41 43 42
41 45 94
41 46 87
41 47 13
41 49 35
42 43 32
42 45 60
42 46 7
42 48 5
42 49 34
43 44 39
43 45 45
43 48 53
44 45 65
44 46 42
44 48 59
44 49 55
45 46 36
45 48 54
45 49 5
46 48 21
47 49 35
48 49 66